(kicad_pcb (version 20171130) (host pcbnew 5.1.7-a382d34a8~87~ubuntu20.04.1)

  (general
    (thickness 1.6)
    (drawings 158)
    (tracks 2120)
    (zones 0)
    (modules 125)
    (nets 185)
  )

  (page A4)
  (layers
    (0 F.Cu signal)
    (31 B.Cu signal)
    (32 B.Adhes user)
    (33 F.Adhes user)
    (34 B.Paste user)
    (35 F.Paste user)
    (36 B.SilkS user)
    (37 F.SilkS user)
    (38 B.Mask user)
    (39 F.Mask user)
    (40 Dwgs.User user)
    (41 Cmts.User user)
    (42 Eco1.User user)
    (43 Eco2.User user)
    (44 Edge.Cuts user)
    (45 Margin user)
    (46 B.CrtYd user)
    (47 F.CrtYd user)
    (48 B.Fab user)
    (49 F.Fab user)
  )

  (setup
    (last_trace_width 0.25)
    (trace_clearance 0.2)
    (zone_clearance 0.508)
    (zone_45_only no)
    (trace_min 0.2)
    (via_size 0.8)
    (via_drill 0.4)
    (via_min_size 0.4)
    (via_min_drill 0.3)
    (uvia_size 0.3)
    (uvia_drill 0.1)
    (uvias_allowed no)
    (uvia_min_size 0.2)
    (uvia_min_drill 0.1)
    (edge_width 0.05)
    (segment_width 0.2)
    (pcb_text_width 0.3)
    (pcb_text_size 1.5 1.5)
    (mod_edge_width 0.12)
    (mod_text_size 1 1)
    (mod_text_width 0.15)
    (pad_size 1.524 1.524)
    (pad_drill 0.762)
    (pad_to_mask_clearance 0)
    (aux_axis_origin 0 0)
    (visible_elements FFFFFF7F)
    (pcbplotparams
      (layerselection 0x010f0_ffffffff)
      (usegerberextensions false)
      (usegerberattributes false)
      (usegerberadvancedattributes false)
      (creategerberjobfile false)
      (excludeedgelayer true)
      (linewidth 0.100000)
      (plotframeref false)
      (viasonmask false)
      (mode 1)
      (useauxorigin false)
      (hpglpennumber 1)
      (hpglpenspeed 20)
      (hpglpendiameter 15.000000)
      (psnegative false)
      (psa4output false)
      (plotreference true)
      (plotvalue false)
      (plotinvisibletext false)
      (padsonsilk true)
      (subtractmaskfromsilk false)
      (outputformat 4)
      (mirror false)
      (drillshape 0)
      (scaleselection 1)
      (outputdirectory "pdf/"))
  )

  (net 0 "")
  (net 1 Board_1-+5V)
  (net 2 Board_1-3v3A)
  (net 3 Board_1-DTR)
  (net 4 Board_1-EN)
  (net 5 Board_1-GND)
  (net 6 Board_1-IO0)
  (net 7 Board_1-IO12)
  (net 8 Board_1-IO13)
  (net 9 Board_1-IO14)
  (net 10 Board_1-IO15)
  (net 11 Board_1-IO18)
  (net 12 Board_1-IO19)
  (net 13 Board_1-IO2)
  (net 14 Board_1-IO21)
  (net 15 Board_1-IO22)
  (net 16 Board_1-IO23)
  (net 17 Board_1-IO25)
  (net 18 Board_1-IO26)
  (net 19 Board_1-IO27)
  (net 20 Board_1-IO32)
  (net 21 Board_1-IO33)
  (net 22 Board_1-IO4)
  (net 23 Board_1-IO5)
  (net 24 "Board_1-Net-(ANT1-PadP$FEED)")
  (net 25 "Board_1-Net-(C6-Pad1)")
  (net 26 "Board_1-Net-(D1-Pad2)")
  (net 27 "Board_1-Net-(J1-PadA5)")
  (net 28 "Board_1-Net-(J1-PadB5)")
  (net 29 "Board_1-Net-(Q1-Pad1)")
  (net 30 "Board_1-Net-(Q2-Pad1)")
  (net 31 Board_1-PSRAM_CS)
  (net 32 Board_1-RTS)
  (net 33 Board_1-RxD0)
  (net 34 Board_1-SCLK)
  (net 35 Board_1-SENSE_CAPN)
  (net 36 Board_1-SENSE_CAPP)
  (net 37 Board_1-SENSE_VN)
  (net 38 Board_1-SENSE_VP)
  (net 39 Board_1-SIO0)
  (net 40 Board_1-SIO1)
  (net 41 Board_1-SIO2)
  (net 42 Board_1-SIO3)
  (net 43 Board_1-TxD0)
  (net 44 Board_1-USB_DN)
  (net 45 Board_1-USB_DP)
  (net 46 Board_1-VDD_SDIO)
  (net 47 Board_2-+5V)
  (net 48 Board_2-3v3A)
  (net 49 Board_2-DTR)
  (net 50 Board_2-EN)
  (net 51 Board_2-GND)
  (net 52 Board_2-IO0)
  (net 53 Board_2-IO12)
  (net 54 Board_2-IO13)
  (net 55 Board_2-IO14)
  (net 56 Board_2-IO15)
  (net 57 Board_2-IO18)
  (net 58 Board_2-IO19)
  (net 59 Board_2-IO2)
  (net 60 Board_2-IO21)
  (net 61 Board_2-IO22)
  (net 62 Board_2-IO23)
  (net 63 Board_2-IO25)
  (net 64 Board_2-IO26)
  (net 65 Board_2-IO27)
  (net 66 Board_2-IO32)
  (net 67 Board_2-IO33)
  (net 68 Board_2-IO4)
  (net 69 Board_2-IO5)
  (net 70 "Board_2-Net-(ANT1-PadP$FEED)")
  (net 71 "Board_2-Net-(C6-Pad1)")
  (net 72 "Board_2-Net-(D1-Pad2)")
  (net 73 "Board_2-Net-(J1-PadA5)")
  (net 74 "Board_2-Net-(J1-PadB5)")
  (net 75 "Board_2-Net-(Q1-Pad1)")
  (net 76 "Board_2-Net-(Q2-Pad1)")
  (net 77 Board_2-PSRAM_CS)
  (net 78 Board_2-RTS)
  (net 79 Board_2-RxD0)
  (net 80 Board_2-SCLK)
  (net 81 Board_2-SENSE_CAPN)
  (net 82 Board_2-SENSE_CAPP)
  (net 83 Board_2-SENSE_VN)
  (net 84 Board_2-SENSE_VP)
  (net 85 Board_2-SIO0)
  (net 86 Board_2-SIO1)
  (net 87 Board_2-SIO2)
  (net 88 Board_2-SIO3)
  (net 89 Board_2-TxD0)
  (net 90 Board_2-USB_DN)
  (net 91 Board_2-USB_DP)
  (net 92 Board_2-VDD_SDIO)
  (net 93 Board_3-+5V)
  (net 94 Board_3-3v3A)
  (net 95 Board_3-DTR)
  (net 96 Board_3-EN)
  (net 97 Board_3-GND)
  (net 98 Board_3-IO0)
  (net 99 Board_3-IO12)
  (net 100 Board_3-IO13)
  (net 101 Board_3-IO14)
  (net 102 Board_3-IO15)
  (net 103 Board_3-IO18)
  (net 104 Board_3-IO19)
  (net 105 Board_3-IO2)
  (net 106 Board_3-IO21)
  (net 107 Board_3-IO22)
  (net 108 Board_3-IO23)
  (net 109 Board_3-IO25)
  (net 110 Board_3-IO26)
  (net 111 Board_3-IO27)
  (net 112 Board_3-IO32)
  (net 113 Board_3-IO33)
  (net 114 Board_3-IO4)
  (net 115 Board_3-IO5)
  (net 116 "Board_3-Net-(ANT1-PadP$FEED)")
  (net 117 "Board_3-Net-(C6-Pad1)")
  (net 118 "Board_3-Net-(D1-Pad2)")
  (net 119 "Board_3-Net-(J1-PadA5)")
  (net 120 "Board_3-Net-(J1-PadB5)")
  (net 121 "Board_3-Net-(Q1-Pad1)")
  (net 122 "Board_3-Net-(Q2-Pad1)")
  (net 123 Board_3-PSRAM_CS)
  (net 124 Board_3-RTS)
  (net 125 Board_3-RxD0)
  (net 126 Board_3-SCLK)
  (net 127 Board_3-SENSE_CAPN)
  (net 128 Board_3-SENSE_CAPP)
  (net 129 Board_3-SENSE_VN)
  (net 130 Board_3-SENSE_VP)
  (net 131 Board_3-SIO0)
  (net 132 Board_3-SIO1)
  (net 133 Board_3-SIO2)
  (net 134 Board_3-SIO3)
  (net 135 Board_3-TxD0)
  (net 136 Board_3-USB_DN)
  (net 137 Board_3-USB_DP)
  (net 138 Board_3-VDD_SDIO)
  (net 139 Board_4-+5V)
  (net 140 Board_4-3v3A)
  (net 141 Board_4-DTR)
  (net 142 Board_4-EN)
  (net 143 Board_4-GND)
  (net 144 Board_4-IO0)
  (net 145 Board_4-IO12)
  (net 146 Board_4-IO13)
  (net 147 Board_4-IO14)
  (net 148 Board_4-IO15)
  (net 149 Board_4-IO18)
  (net 150 Board_4-IO19)
  (net 151 Board_4-IO2)
  (net 152 Board_4-IO21)
  (net 153 Board_4-IO22)
  (net 154 Board_4-IO23)
  (net 155 Board_4-IO25)
  (net 156 Board_4-IO26)
  (net 157 Board_4-IO27)
  (net 158 Board_4-IO32)
  (net 159 Board_4-IO33)
  (net 160 Board_4-IO4)
  (net 161 Board_4-IO5)
  (net 162 "Board_4-Net-(ANT1-PadP$FEED)")
  (net 163 "Board_4-Net-(C6-Pad1)")
  (net 164 "Board_4-Net-(D1-Pad2)")
  (net 165 "Board_4-Net-(J1-PadA5)")
  (net 166 "Board_4-Net-(J1-PadB5)")
  (net 167 "Board_4-Net-(Q1-Pad1)")
  (net 168 "Board_4-Net-(Q2-Pad1)")
  (net 169 Board_4-PSRAM_CS)
  (net 170 Board_4-RTS)
  (net 171 Board_4-RxD0)
  (net 172 Board_4-SCLK)
  (net 173 Board_4-SENSE_CAPN)
  (net 174 Board_4-SENSE_CAPP)
  (net 175 Board_4-SENSE_VN)
  (net 176 Board_4-SENSE_VP)
  (net 177 Board_4-SIO0)
  (net 178 Board_4-SIO1)
  (net 179 Board_4-SIO2)
  (net 180 Board_4-SIO3)
  (net 181 Board_4-TxD0)
  (net 182 Board_4-USB_DN)
  (net 183 Board_4-USB_DP)
  (net 184 Board_4-VDD_SDIO)

  (net_class Default "This is the default net class."
    (clearance 0.2)
    (trace_width 0.25)
    (via_dia 0.8)
    (via_drill 0.4)
    (uvia_dia 0.3)
    (uvia_drill 0.1)
    (add_net Board_1-+5V)
    (add_net Board_1-3v3A)
    (add_net Board_1-DTR)
    (add_net Board_1-EN)
    (add_net Board_1-GND)
    (add_net Board_1-IO0)
    (add_net Board_1-IO12)
    (add_net Board_1-IO13)
    (add_net Board_1-IO14)
    (add_net Board_1-IO15)
    (add_net Board_1-IO18)
    (add_net Board_1-IO19)
    (add_net Board_1-IO2)
    (add_net Board_1-IO21)
    (add_net Board_1-IO22)
    (add_net Board_1-IO23)
    (add_net Board_1-IO25)
    (add_net Board_1-IO26)
    (add_net Board_1-IO27)
    (add_net Board_1-IO32)
    (add_net Board_1-IO33)
    (add_net Board_1-IO4)
    (add_net Board_1-IO5)
    (add_net "Board_1-Net-(ANT1-PadP$FEED)")
    (add_net "Board_1-Net-(C6-Pad1)")
    (add_net "Board_1-Net-(D1-Pad2)")
    (add_net "Board_1-Net-(J1-PadA5)")
    (add_net "Board_1-Net-(J1-PadB5)")
    (add_net "Board_1-Net-(Q1-Pad1)")
    (add_net "Board_1-Net-(Q2-Pad1)")
    (add_net Board_1-PSRAM_CS)
    (add_net Board_1-RTS)
    (add_net Board_1-RxD0)
    (add_net Board_1-SCLK)
    (add_net Board_1-SENSE_CAPN)
    (add_net Board_1-SENSE_CAPP)
    (add_net Board_1-SENSE_VN)
    (add_net Board_1-SENSE_VP)
    (add_net Board_1-SIO0)
    (add_net Board_1-SIO1)
    (add_net Board_1-SIO2)
    (add_net Board_1-SIO3)
    (add_net Board_1-TxD0)
    (add_net Board_1-USB_DN)
    (add_net Board_1-USB_DP)
    (add_net Board_1-VDD_SDIO)
    (add_net Board_2-+5V)
    (add_net Board_2-3v3A)
    (add_net Board_2-DTR)
    (add_net Board_2-EN)
    (add_net Board_2-GND)
    (add_net Board_2-IO0)
    (add_net Board_2-IO12)
    (add_net Board_2-IO13)
    (add_net Board_2-IO14)
    (add_net Board_2-IO15)
    (add_net Board_2-IO18)
    (add_net Board_2-IO19)
    (add_net Board_2-IO2)
    (add_net Board_2-IO21)
    (add_net Board_2-IO22)
    (add_net Board_2-IO23)
    (add_net Board_2-IO25)
    (add_net Board_2-IO26)
    (add_net Board_2-IO27)
    (add_net Board_2-IO32)
    (add_net Board_2-IO33)
    (add_net Board_2-IO4)
    (add_net Board_2-IO5)
    (add_net "Board_2-Net-(ANT1-PadP$FEED)")
    (add_net "Board_2-Net-(C6-Pad1)")
    (add_net "Board_2-Net-(D1-Pad2)")
    (add_net "Board_2-Net-(J1-PadA5)")
    (add_net "Board_2-Net-(J1-PadB5)")
    (add_net "Board_2-Net-(Q1-Pad1)")
    (add_net "Board_2-Net-(Q2-Pad1)")
    (add_net Board_2-PSRAM_CS)
    (add_net Board_2-RTS)
    (add_net Board_2-RxD0)
    (add_net Board_2-SCLK)
    (add_net Board_2-SENSE_CAPN)
    (add_net Board_2-SENSE_CAPP)
    (add_net Board_2-SENSE_VN)
    (add_net Board_2-SENSE_VP)
    (add_net Board_2-SIO0)
    (add_net Board_2-SIO1)
    (add_net Board_2-SIO2)
    (add_net Board_2-SIO3)
    (add_net Board_2-TxD0)
    (add_net Board_2-USB_DN)
    (add_net Board_2-USB_DP)
    (add_net Board_2-VDD_SDIO)
    (add_net Board_3-+5V)
    (add_net Board_3-3v3A)
    (add_net Board_3-DTR)
    (add_net Board_3-EN)
    (add_net Board_3-GND)
    (add_net Board_3-IO0)
    (add_net Board_3-IO12)
    (add_net Board_3-IO13)
    (add_net Board_3-IO14)
    (add_net Board_3-IO15)
    (add_net Board_3-IO18)
    (add_net Board_3-IO19)
    (add_net Board_3-IO2)
    (add_net Board_3-IO21)
    (add_net Board_3-IO22)
    (add_net Board_3-IO23)
    (add_net Board_3-IO25)
    (add_net Board_3-IO26)
    (add_net Board_3-IO27)
    (add_net Board_3-IO32)
    (add_net Board_3-IO33)
    (add_net Board_3-IO4)
    (add_net Board_3-IO5)
    (add_net "Board_3-Net-(ANT1-PadP$FEED)")
    (add_net "Board_3-Net-(C6-Pad1)")
    (add_net "Board_3-Net-(D1-Pad2)")
    (add_net "Board_3-Net-(J1-PadA5)")
    (add_net "Board_3-Net-(J1-PadB5)")
    (add_net "Board_3-Net-(Q1-Pad1)")
    (add_net "Board_3-Net-(Q2-Pad1)")
    (add_net Board_3-PSRAM_CS)
    (add_net Board_3-RTS)
    (add_net Board_3-RxD0)
    (add_net Board_3-SCLK)
    (add_net Board_3-SENSE_CAPN)
    (add_net Board_3-SENSE_CAPP)
    (add_net Board_3-SENSE_VN)
    (add_net Board_3-SENSE_VP)
    (add_net Board_3-SIO0)
    (add_net Board_3-SIO1)
    (add_net Board_3-SIO2)
    (add_net Board_3-SIO3)
    (add_net Board_3-TxD0)
    (add_net Board_3-USB_DN)
    (add_net Board_3-USB_DP)
    (add_net Board_3-VDD_SDIO)
    (add_net Board_4-+5V)
    (add_net Board_4-3v3A)
    (add_net Board_4-DTR)
    (add_net Board_4-EN)
    (add_net Board_4-GND)
    (add_net Board_4-IO0)
    (add_net Board_4-IO12)
    (add_net Board_4-IO13)
    (add_net Board_4-IO14)
    (add_net Board_4-IO15)
    (add_net Board_4-IO18)
    (add_net Board_4-IO19)
    (add_net Board_4-IO2)
    (add_net Board_4-IO21)
    (add_net Board_4-IO22)
    (add_net Board_4-IO23)
    (add_net Board_4-IO25)
    (add_net Board_4-IO26)
    (add_net Board_4-IO27)
    (add_net Board_4-IO32)
    (add_net Board_4-IO33)
    (add_net Board_4-IO4)
    (add_net Board_4-IO5)
    (add_net "Board_4-Net-(ANT1-PadP$FEED)")
    (add_net "Board_4-Net-(C6-Pad1)")
    (add_net "Board_4-Net-(D1-Pad2)")
    (add_net "Board_4-Net-(J1-PadA5)")
    (add_net "Board_4-Net-(J1-PadB5)")
    (add_net "Board_4-Net-(Q1-Pad1)")
    (add_net "Board_4-Net-(Q2-Pad1)")
    (add_net Board_4-PSRAM_CS)
    (add_net Board_4-RTS)
    (add_net Board_4-RxD0)
    (add_net Board_4-SCLK)
    (add_net Board_4-SENSE_CAPN)
    (add_net Board_4-SENSE_CAPP)
    (add_net Board_4-SENSE_VN)
    (add_net Board_4-SENSE_VP)
    (add_net Board_4-SIO0)
    (add_net Board_4-SIO1)
    (add_net Board_4-SIO2)
    (add_net Board_4-SIO3)
    (add_net Board_4-TxD0)
    (add_net Board_4-USB_DN)
    (add_net Board_4-USB_DP)
    (add_net Board_4-VDD_SDIO)
  )

  (module NPTH (layer F.Cu) (tedit 5E89AAAA) (tstamp 5FADE290)
    (at 31.575003 145.71201)
    (fp_text reference REF** (at 0 0.5) (layer F.SilkS) hide
      (effects (font (size 1 1) (thickness 0.15)))
    )
    (fp_text value NPTH (at 0 -0.5) (layer F.Fab) hide
      (effects (font (size 1 1) (thickness 0.15)))
    )
    (pad "" np_thru_hole circle (at 0 0) (size 1.5 1.5) (drill 1.5) (layers *.Cu *.Mask))
  )

  (module NPTH (layer F.Cu) (tedit 5E89AAAA) (tstamp 5FADE288)
    (at 125.575002 52.71201)
    (fp_text reference REF** (at 0 0.5) (layer F.SilkS) hide
      (effects (font (size 1 1) (thickness 0.15)))
    )
    (fp_text value NPTH (at 0 -0.5) (layer F.Fab) hide
      (effects (font (size 1 1) (thickness 0.15)))
    )
    (pad "" np_thru_hole circle (at 0 0) (size 1.5 1.5) (drill 1.5) (layers *.Cu *.Mask))
  )

  (module NPTH (layer F.Cu) (tedit 5E89AAAA) (tstamp 5FADE280)
    (at 31.575003 52.71201)
    (fp_text reference REF** (at 0 0.5) (layer F.SilkS) hide
      (effects (font (size 1 1) (thickness 0.15)))
    )
    (fp_text value NPTH (at 0 -0.5) (layer F.Fab) hide
      (effects (font (size 1 1) (thickness 0.15)))
    )
    (pad "" np_thru_hole circle (at 0 0) (size 1.5 1.5) (drill 1.5) (layers *.Cu *.Mask))
  )

  (module Fiducial (layer B.Cu) (tedit 5EA93A7C) (tstamp 5FADE278)
    (at 31.575003 142.71201)
    (descr "Circular Fiducial")
    (tags fiducial)
    (attr smd)
    (fp_text reference REF** (at 0 1.5) (layer B.SilkS) hide
      (effects (font (size 1 1) (thickness 0.15)) (justify mirror))
    )
    (fp_text value Fiducial (at 0 -1.5) (layer B.Fab) hide
      (effects (font (size 1 1) (thickness 0.15)) (justify mirror))
    )
    (pad "" smd circle (at 0 0) (size 1 1) (layers B.Cu B.Mask)
      (solder_mask_margin 0.5) (clearance 0.5))
  )

  (module Fiducial (layer F.Cu) (tedit 5EA93A7C) (tstamp 5FADE270)
    (at 31.575003 142.71201)
    (descr "Circular Fiducial")
    (tags fiducial)
    (attr smd)
    (fp_text reference REF** (at 0 -1.5) (layer F.SilkS) hide
      (effects (font (size 1 1) (thickness 0.15)))
    )
    (fp_text value Fiducial (at 0 1.5) (layer F.Fab) hide
      (effects (font (size 1 1) (thickness 0.15)))
    )
    (pad "" smd circle (at 0 0) (size 1 1) (layers F.Cu F.Mask)
      (solder_mask_margin 0.5) (clearance 0.5))
  )

  (module Fiducial (layer B.Cu) (tedit 5EA93A7C) (tstamp 5FADE268)
    (at 125.575002 55.71201)
    (descr "Circular Fiducial")
    (tags fiducial)
    (attr smd)
    (fp_text reference REF** (at 0 1.5) (layer B.SilkS) hide
      (effects (font (size 1 1) (thickness 0.15)) (justify mirror))
    )
    (fp_text value Fiducial (at 0 -1.5) (layer B.Fab) hide
      (effects (font (size 1 1) (thickness 0.15)) (justify mirror))
    )
    (pad "" smd circle (at 0 0) (size 1 1) (layers B.Cu B.Mask)
      (solder_mask_margin 0.5) (clearance 0.5))
  )

  (module Fiducial (layer F.Cu) (tedit 5EA93A7C) (tstamp 5FADE260)
    (at 125.575002 55.71201)
    (descr "Circular Fiducial")
    (tags fiducial)
    (attr smd)
    (fp_text reference REF** (at 0 -1.5) (layer F.SilkS) hide
      (effects (font (size 1 1) (thickness 0.15)))
    )
    (fp_text value Fiducial (at 0 1.5) (layer F.Fab) hide
      (effects (font (size 1 1) (thickness 0.15)))
    )
    (pad "" smd circle (at 0 0) (size 1 1) (layers F.Cu F.Mask)
      (solder_mask_margin 0.5) (clearance 0.5))
  )

  (module Fiducial (layer B.Cu) (tedit 5EA93A7C) (tstamp 5FADE258)
    (at 31.575003 55.71201)
    (descr "Circular Fiducial")
    (tags fiducial)
    (attr smd)
    (fp_text reference REF** (at 0 1.5) (layer B.SilkS) hide
      (effects (font (size 1 1) (thickness 0.15)) (justify mirror))
    )
    (fp_text value Fiducial (at 0 -1.5) (layer B.Fab) hide
      (effects (font (size 1 1) (thickness 0.15)) (justify mirror))
    )
    (pad "" smd circle (at 0 0) (size 1 1) (layers B.Cu B.Mask)
      (solder_mask_margin 0.5) (clearance 0.5))
  )

  (module Fiducial (layer F.Cu) (tedit 5EA93A7C) (tstamp 5FADE250)
    (at 31.575003 55.71201)
    (descr "Circular Fiducial")
    (tags fiducial)
    (attr smd)
    (fp_text reference REF** (at 0 -1.5) (layer F.SilkS) hide
      (effects (font (size 1 1) (thickness 0.15)))
    )
    (fp_text value Fiducial (at 0 1.5) (layer F.Fab) hide
      (effects (font (size 1 1) (thickness 0.15)))
    )
    (pad "" smd circle (at 0 0) (size 1 1) (layers F.Cu F.Mask)
      (solder_mask_margin 0.5) (clearance 0.5))
  )

  (module AN9520:SMD_ANT9520 (layer F.Cu) (tedit 5F2B569A) (tstamp 5FADE00B)
    (at 51.778001 132.692016 90)
    (descr "SMD antenna, 9.5x2.0mm, 2p")
    (path /5F783087)
    (fp_text reference ANT1 (at -0.325225 -2.136465 90) (layer F.SilkS)
      (effects (font (size 1.000685 1.000685) (thickness 0.015)))
    )
    (fp_text value AN9520 (at 4.992665 2.118235 90) (layer F.Fab)
      (effects (font (size 1.001535 1.001535) (thickness 0.015)))
    )
    (fp_line (start -3.5 -1) (end 3.5 -1) (layer F.SilkS) (width 0.127))
    (fp_line (start 3.5 1) (end -3.5 1) (layer F.SilkS) (width 0.127))
    (fp_circle (center -3.5 1.75) (end -3 1.75) (layer F.SilkS) (width 0.127))
    (pad P$FEED smd rect (at -4.75 0 90) (size 2 2.5) (layers F.Cu F.Paste F.Mask)
      (net 162 "Board_4-Net-(ANT1-PadP$FEED)"))
    (pad P$GND smd rect (at 4.75 0 90) (size 2 2.5) (layers F.Cu F.Paste F.Mask))
  )

  (module Capacitor_SMD:C_0603_1608Metric_Pad1.05x0.95mm_HandSolder (layer F.Cu) (tedit 5B301BBE) (tstamp 5FADDFFB)
    (at 73.419001 138.191016 180)
    (descr "Capacitor SMD 0603 (1608 Metric), square (rectangular) end terminal, IPC_7351 nominal with elongated pad for handsoldering. (Body size source: http://www.tortai-tech.com/upload/download/2011102023233369053.pdf), generated with kicad-footprint-generator")
    (tags "capacitor handsolder")
    (path /5F2C4422)
    (attr smd)
    (fp_text reference C1 (at -2.6606 0.0232) (layer F.SilkS)
      (effects (font (size 1 1) (thickness 0.15)))
    )
    (fp_text value 0.1uF (at -3.7084 -0.0508) (layer F.Fab)
      (effects (font (size 1 1) (thickness 0.15)))
    )
    (fp_line (start 1.65 0.73) (end -1.65 0.73) (layer F.CrtYd) (width 0.05))
    (fp_line (start 1.65 -0.73) (end 1.65 0.73) (layer F.CrtYd) (width 0.05))
    (fp_line (start -1.65 -0.73) (end 1.65 -0.73) (layer F.CrtYd) (width 0.05))
    (fp_line (start -1.65 0.73) (end -1.65 -0.73) (layer F.CrtYd) (width 0.05))
    (fp_line (start -0.171267 0.51) (end 0.171267 0.51) (layer F.SilkS) (width 0.12))
    (fp_line (start -0.171267 -0.51) (end 0.171267 -0.51) (layer F.SilkS) (width 0.12))
    (fp_line (start 0.8 0.4) (end -0.8 0.4) (layer F.Fab) (width 0.1))
    (fp_line (start 0.8 -0.4) (end 0.8 0.4) (layer F.Fab) (width 0.1))
    (fp_line (start -0.8 -0.4) (end 0.8 -0.4) (layer F.Fab) (width 0.1))
    (fp_line (start -0.8 0.4) (end -0.8 -0.4) (layer F.Fab) (width 0.1))
    (fp_text user %R (at 0 0) (layer F.Fab)
      (effects (font (size 0.4 0.4) (thickness 0.06)))
    )
    (pad 2 smd roundrect (at 0.875 0 180) (size 1.05 0.95) (layers F.Cu F.Paste F.Mask) (roundrect_rratio 0.25)
      (net 184 Board_4-VDD_SDIO))
    (pad 1 smd roundrect (at -0.875 0 180) (size 1.05 0.95) (layers F.Cu F.Paste F.Mask) (roundrect_rratio 0.25)
      (net 143 Board_4-GND))
    (model ${KISYS3DMOD}/Capacitor_SMD.3dshapes/C_0603_1608Metric.wrl
      (at (xyz 0 0 0))
      (scale (xyz 1 1 1))
      (rotate (xyz 0 0 0))
    )
  )

  (module Capacitor_SMD:C_0603_1608Metric_Pad1.05x0.95mm_HandSolder (layer B.Cu) (tedit 5B301BBE) (tstamp 5FADDFEB)
    (at 71.544001 142.391016 90)
    (descr "Capacitor SMD 0603 (1608 Metric), square (rectangular) end terminal, IPC_7351 nominal with elongated pad for handsoldering. (Body size source: http://www.tortai-tech.com/upload/download/2011102023233369053.pdf), generated with kicad-footprint-generator")
    (tags "capacitor handsolder")
    (path /5F2EA3D8)
    (attr smd)
    (fp_text reference C2 (at 2.65 0 90) (layer B.SilkS)
      (effects (font (size 1 1) (thickness 0.15)) (justify mirror))
    )
    (fp_text value 0.1uF (at 0 -1.43 90) (layer B.Fab)
      (effects (font (size 1 1) (thickness 0.15)) (justify mirror))
    )
    (fp_line (start -0.8 -0.4) (end -0.8 0.4) (layer B.Fab) (width 0.1))
    (fp_line (start -0.8 0.4) (end 0.8 0.4) (layer B.Fab) (width 0.1))
    (fp_line (start 0.8 0.4) (end 0.8 -0.4) (layer B.Fab) (width 0.1))
    (fp_line (start 0.8 -0.4) (end -0.8 -0.4) (layer B.Fab) (width 0.1))
    (fp_line (start -0.171267 0.51) (end 0.171267 0.51) (layer B.SilkS) (width 0.12))
    (fp_line (start -0.171267 -0.51) (end 0.171267 -0.51) (layer B.SilkS) (width 0.12))
    (fp_line (start -1.65 -0.73) (end -1.65 0.73) (layer B.CrtYd) (width 0.05))
    (fp_line (start -1.65 0.73) (end 1.65 0.73) (layer B.CrtYd) (width 0.05))
    (fp_line (start 1.65 0.73) (end 1.65 -0.73) (layer B.CrtYd) (width 0.05))
    (fp_line (start 1.65 -0.73) (end -1.65 -0.73) (layer B.CrtYd) (width 0.05))
    (fp_text user %R (at 0 0 90) (layer B.Fab)
      (effects (font (size 0.4 0.4) (thickness 0.06)) (justify mirror))
    )
    (pad 1 smd roundrect (at -0.875 0 90) (size 1.05 0.95) (layers B.Cu B.Paste B.Mask) (roundrect_rratio 0.25)
      (net 142 Board_4-EN))
    (pad 2 smd roundrect (at 0.875 0 90) (size 1.05 0.95) (layers B.Cu B.Paste B.Mask) (roundrect_rratio 0.25)
      (net 143 Board_4-GND))
    (model ${KISYS3DMOD}/Capacitor_SMD.3dshapes/C_0603_1608Metric.wrl
      (at (xyz 0 0 0))
      (scale (xyz 1 1 1))
      (rotate (xyz 0 0 0))
    )
  )

  (module Capacitor_SMD:C_0805_2012Metric_Pad1.15x1.40mm_HandSolder (layer B.Cu) (tedit 5B36C52B) (tstamp 5FADDFDB)
    (at 79.819001 136.491016 90)
    (descr "Capacitor SMD 0805 (2012 Metric), square (rectangular) end terminal, IPC_7351 nominal with elongated pad for handsoldering. (Body size source: https://docs.google.com/spreadsheets/d/1BsfQQcO9C6DZCsRaXUlFlo91Tg2WpOkGARC1WS5S8t0/edit?usp=sharing), generated with kicad-footprint-generator")
    (tags "capacitor handsolder")
    (path /5F2FA2F5)
    (attr smd)
    (fp_text reference C3 (at -0.0086 1.6302 270) (layer B.SilkS)
      (effects (font (size 1 1) (thickness 0.15)) (justify mirror))
    )
    (fp_text value 10uF (at 0 -1.65 270) (layer B.Fab)
      (effects (font (size 1 1) (thickness 0.15)) (justify mirror))
    )
    (fp_line (start -1 -0.6) (end -1 0.6) (layer B.Fab) (width 0.1))
    (fp_line (start -1 0.6) (end 1 0.6) (layer B.Fab) (width 0.1))
    (fp_line (start 1 0.6) (end 1 -0.6) (layer B.Fab) (width 0.1))
    (fp_line (start 1 -0.6) (end -1 -0.6) (layer B.Fab) (width 0.1))
    (fp_line (start -0.261252 0.71) (end 0.261252 0.71) (layer B.SilkS) (width 0.12))
    (fp_line (start -0.261252 -0.71) (end 0.261252 -0.71) (layer B.SilkS) (width 0.12))
    (fp_line (start -1.85 -0.95) (end -1.85 0.95) (layer B.CrtYd) (width 0.05))
    (fp_line (start -1.85 0.95) (end 1.85 0.95) (layer B.CrtYd) (width 0.05))
    (fp_line (start 1.85 0.95) (end 1.85 -0.95) (layer B.CrtYd) (width 0.05))
    (fp_line (start 1.85 -0.95) (end -1.85 -0.95) (layer B.CrtYd) (width 0.05))
    (fp_text user %R (at 0 0 270) (layer B.Fab)
      (effects (font (size 0.5 0.5) (thickness 0.08)) (justify mirror))
    )
    (pad 1 smd roundrect (at -1.025 0 90) (size 1.15 1.4) (layers B.Cu B.Paste B.Mask) (roundrect_rratio 0.2173904347826087)
      (net 140 Board_4-3v3A))
    (pad 2 smd roundrect (at 1.025 0 90) (size 1.15 1.4) (layers B.Cu B.Paste B.Mask) (roundrect_rratio 0.2173904347826087)
      (net 143 Board_4-GND))
    (model ${KISYS3DMOD}/Capacitor_SMD.3dshapes/C_0805_2012Metric.wrl
      (at (xyz 0 0 0))
      (scale (xyz 1 1 1))
      (rotate (xyz 0 0 0))
    )
  )

  (module Capacitor_SMD:C_0603_1608Metric_Pad1.05x0.95mm_HandSolder (layer B.Cu) (tedit 5B301BBE) (tstamp 5FADDFCB)
    (at 60.947401 131.980816 180)
    (descr "Capacitor SMD 0603 (1608 Metric), square (rectangular) end terminal, IPC_7351 nominal with elongated pad for handsoldering. (Body size source: http://www.tortai-tech.com/upload/download/2011102023233369053.pdf), generated with kicad-footprint-generator")
    (tags "capacitor handsolder")
    (path /5F2F8B18)
    (attr smd)
    (fp_text reference C4 (at 2.6234 -0.1452 180) (layer B.SilkS)
      (effects (font (size 1 1) (thickness 0.15)) (justify mirror))
    )
    (fp_text value 0.1uF (at 0 -1.43 180) (layer B.Fab)
      (effects (font (size 1 1) (thickness 0.15)) (justify mirror))
    )
    (fp_line (start -0.8 -0.4) (end -0.8 0.4) (layer B.Fab) (width 0.1))
    (fp_line (start -0.8 0.4) (end 0.8 0.4) (layer B.Fab) (width 0.1))
    (fp_line (start 0.8 0.4) (end 0.8 -0.4) (layer B.Fab) (width 0.1))
    (fp_line (start 0.8 -0.4) (end -0.8 -0.4) (layer B.Fab) (width 0.1))
    (fp_line (start -0.171267 0.51) (end 0.171267 0.51) (layer B.SilkS) (width 0.12))
    (fp_line (start -0.171267 -0.51) (end 0.171267 -0.51) (layer B.SilkS) (width 0.12))
    (fp_line (start -1.65 -0.73) (end -1.65 0.73) (layer B.CrtYd) (width 0.05))
    (fp_line (start -1.65 0.73) (end 1.65 0.73) (layer B.CrtYd) (width 0.05))
    (fp_line (start 1.65 0.73) (end 1.65 -0.73) (layer B.CrtYd) (width 0.05))
    (fp_line (start 1.65 -0.73) (end -1.65 -0.73) (layer B.CrtYd) (width 0.05))
    (fp_text user %R (at 0 0 180) (layer B.Fab)
      (effects (font (size 0.4 0.4) (thickness 0.06)) (justify mirror))
    )
    (pad 1 smd roundrect (at -0.875 0 180) (size 1.05 0.95) (layers B.Cu B.Paste B.Mask) (roundrect_rratio 0.25)
      (net 143 Board_4-GND))
    (pad 2 smd roundrect (at 0.875 0 180) (size 1.05 0.95) (layers B.Cu B.Paste B.Mask) (roundrect_rratio 0.25)
      (net 140 Board_4-3v3A))
    (model ${KISYS3DMOD}/Capacitor_SMD.3dshapes/C_0603_1608Metric.wrl
      (at (xyz 0 0 0))
      (scale (xyz 1 1 1))
      (rotate (xyz 0 0 0))
    )
  )

  (module Capacitor_SMD:C_0603_1608Metric_Pad1.05x0.95mm_HandSolder (layer F.Cu) (tedit 5B301BBE) (tstamp 5FADDFBB)
    (at 93.383201 134.622416 90)
    (descr "Capacitor SMD 0603 (1608 Metric), square (rectangular) end terminal, IPC_7351 nominal with elongated pad for handsoldering. (Body size source: http://www.tortai-tech.com/upload/download/2011102023233369053.pdf), generated with kicad-footprint-generator")
    (tags "capacitor handsolder")
    (path /5F3446E9)
    (attr smd)
    (fp_text reference C5 (at -2.6416 -0.0508 90) (layer F.SilkS)
      (effects (font (size 1 1) (thickness 0.15)))
    )
    (fp_text value 0.1uF (at 0.3556 1.524 90) (layer F.Fab)
      (effects (font (size 1 1) (thickness 0.15)))
    )
    (fp_line (start -0.8 0.4) (end -0.8 -0.4) (layer F.Fab) (width 0.1))
    (fp_line (start -0.8 -0.4) (end 0.8 -0.4) (layer F.Fab) (width 0.1))
    (fp_line (start 0.8 -0.4) (end 0.8 0.4) (layer F.Fab) (width 0.1))
    (fp_line (start 0.8 0.4) (end -0.8 0.4) (layer F.Fab) (width 0.1))
    (fp_line (start -0.171267 -0.51) (end 0.171267 -0.51) (layer F.SilkS) (width 0.12))
    (fp_line (start -0.171267 0.51) (end 0.171267 0.51) (layer F.SilkS) (width 0.12))
    (fp_line (start -1.65 0.73) (end -1.65 -0.73) (layer F.CrtYd) (width 0.05))
    (fp_line (start -1.65 -0.73) (end 1.65 -0.73) (layer F.CrtYd) (width 0.05))
    (fp_line (start 1.65 -0.73) (end 1.65 0.73) (layer F.CrtYd) (width 0.05))
    (fp_line (start 1.65 0.73) (end -1.65 0.73) (layer F.CrtYd) (width 0.05))
    (fp_text user %R (at 0 0 90) (layer F.Fab)
      (effects (font (size 0.4 0.4) (thickness 0.06)))
    )
    (pad 1 smd roundrect (at -0.875 0 90) (size 1.05 0.95) (layers F.Cu F.Paste F.Mask) (roundrect_rratio 0.25)
      (net 139 Board_4-+5V))
    (pad 2 smd roundrect (at 0.875 0 90) (size 1.05 0.95) (layers F.Cu F.Paste F.Mask) (roundrect_rratio 0.25)
      (net 143 Board_4-GND))
    (model ${KISYS3DMOD}/Capacitor_SMD.3dshapes/C_0603_1608Metric.wrl
      (at (xyz 0 0 0))
      (scale (xyz 1 1 1))
      (rotate (xyz 0 0 0))
    )
  )

  (module Capacitor_SMD:C_0603_1608Metric_Pad1.05x0.95mm_HandSolder (layer F.Cu) (tedit 5B301BBE) (tstamp 5FADDFAB)
    (at 86.994001 127.591016)
    (descr "Capacitor SMD 0603 (1608 Metric), square (rectangular) end terminal, IPC_7351 nominal with elongated pad for handsoldering. (Body size source: http://www.tortai-tech.com/upload/download/2011102023233369053.pdf), generated with kicad-footprint-generator")
    (tags "capacitor handsolder")
    (path /5F316661)
    (attr smd)
    (fp_text reference C6 (at -0.0254 -1.2954) (layer F.SilkS)
      (effects (font (size 1 1) (thickness 0.15)))
    )
    (fp_text value 0.1uF (at 0 1.43) (layer F.Fab)
      (effects (font (size 1 1) (thickness 0.15)))
    )
    (fp_line (start -0.8 0.4) (end -0.8 -0.4) (layer F.Fab) (width 0.1))
    (fp_line (start -0.8 -0.4) (end 0.8 -0.4) (layer F.Fab) (width 0.1))
    (fp_line (start 0.8 -0.4) (end 0.8 0.4) (layer F.Fab) (width 0.1))
    (fp_line (start 0.8 0.4) (end -0.8 0.4) (layer F.Fab) (width 0.1))
    (fp_line (start -0.171267 -0.51) (end 0.171267 -0.51) (layer F.SilkS) (width 0.12))
    (fp_line (start -0.171267 0.51) (end 0.171267 0.51) (layer F.SilkS) (width 0.12))
    (fp_line (start -1.65 0.73) (end -1.65 -0.73) (layer F.CrtYd) (width 0.05))
    (fp_line (start -1.65 -0.73) (end 1.65 -0.73) (layer F.CrtYd) (width 0.05))
    (fp_line (start 1.65 -0.73) (end 1.65 0.73) (layer F.CrtYd) (width 0.05))
    (fp_line (start 1.65 0.73) (end -1.65 0.73) (layer F.CrtYd) (width 0.05))
    (fp_text user %R (at 0 0) (layer F.Fab)
      (effects (font (size 0.4 0.4) (thickness 0.06)))
    )
    (pad 1 smd roundrect (at -0.875 0) (size 1.05 0.95) (layers F.Cu F.Paste F.Mask) (roundrect_rratio 0.25)
      (net 163 "Board_4-Net-(C6-Pad1)"))
    (pad 2 smd roundrect (at 0.875 0) (size 1.05 0.95) (layers F.Cu F.Paste F.Mask) (roundrect_rratio 0.25)
      (net 143 Board_4-GND))
    (model ${KISYS3DMOD}/Capacitor_SMD.3dshapes/C_0603_1608Metric.wrl
      (at (xyz 0 0 0))
      (scale (xyz 1 1 1))
      (rotate (xyz 0 0 0))
    )
  )

  (module Capacitor_SMD:C_0805_2012Metric_Pad1.15x1.40mm_HandSolder (layer F.Cu) (tedit 5B36C52B) (tstamp 5FADDF9B)
    (at 96.456601 131.015616 90)
    (descr "Capacitor SMD 0805 (2012 Metric), square (rectangular) end terminal, IPC_7351 nominal with elongated pad for handsoldering. (Body size source: https://docs.google.com/spreadsheets/d/1BsfQQcO9C6DZCsRaXUlFlo91Tg2WpOkGARC1WS5S8t0/edit?usp=sharing), generated with kicad-footprint-generator")
    (tags "capacitor handsolder")
    (path /5F633884)
    (attr smd)
    (fp_text reference C7 (at 0 -1.65 90) (layer F.SilkS)
      (effects (font (size 1 1) (thickness 0.15)))
    )
    (fp_text value 10uF (at 0 1.65 90) (layer F.Fab)
      (effects (font (size 1 1) (thickness 0.15)))
    )
    (fp_line (start -1 0.6) (end -1 -0.6) (layer F.Fab) (width 0.1))
    (fp_line (start -1 -0.6) (end 1 -0.6) (layer F.Fab) (width 0.1))
    (fp_line (start 1 -0.6) (end 1 0.6) (layer F.Fab) (width 0.1))
    (fp_line (start 1 0.6) (end -1 0.6) (layer F.Fab) (width 0.1))
    (fp_line (start -0.261252 -0.71) (end 0.261252 -0.71) (layer F.SilkS) (width 0.12))
    (fp_line (start -0.261252 0.71) (end 0.261252 0.71) (layer F.SilkS) (width 0.12))
    (fp_line (start -1.85 0.95) (end -1.85 -0.95) (layer F.CrtYd) (width 0.05))
    (fp_line (start -1.85 -0.95) (end 1.85 -0.95) (layer F.CrtYd) (width 0.05))
    (fp_line (start 1.85 -0.95) (end 1.85 0.95) (layer F.CrtYd) (width 0.05))
    (fp_line (start 1.85 0.95) (end -1.85 0.95) (layer F.CrtYd) (width 0.05))
    (fp_text user %R (at 0 0 90) (layer F.Fab)
      (effects (font (size 0.5 0.5) (thickness 0.08)))
    )
    (pad 1 smd roundrect (at -1.025 0 90) (size 1.15 1.4) (layers F.Cu F.Paste F.Mask) (roundrect_rratio 0.2173904347826087)
      (net 139 Board_4-+5V))
    (pad 2 smd roundrect (at 1.025 0 90) (size 1.15 1.4) (layers F.Cu F.Paste F.Mask) (roundrect_rratio 0.2173904347826087)
      (net 143 Board_4-GND))
    (model ${KISYS3DMOD}/Capacitor_SMD.3dshapes/C_0805_2012Metric.wrl
      (at (xyz 0 0 0))
      (scale (xyz 1 1 1))
      (rotate (xyz 0 0 0))
    )
  )

  (module Capacitor_SMD:C_0805_2012Metric_Pad1.15x1.40mm_HandSolder (layer F.Cu) (tedit 5B36C52B) (tstamp 5FADDF8B)
    (at 93.459401 129.110616)
    (descr "Capacitor SMD 0805 (2012 Metric), square (rectangular) end terminal, IPC_7351 nominal with elongated pad for handsoldering. (Body size source: https://docs.google.com/spreadsheets/d/1BsfQQcO9C6DZCsRaXUlFlo91Tg2WpOkGARC1WS5S8t0/edit?usp=sharing), generated with kicad-footprint-generator")
    (tags "capacitor handsolder")
    (path /5F633D3E)
    (attr smd)
    (fp_text reference C8 (at 0 -1.65) (layer F.SilkS)
      (effects (font (size 1 1) (thickness 0.15)))
    )
    (fp_text value 10uF (at 0 1.65) (layer F.Fab)
      (effects (font (size 1 1) (thickness 0.15)))
    )
    (fp_line (start -1 0.6) (end -1 -0.6) (layer F.Fab) (width 0.1))
    (fp_line (start -1 -0.6) (end 1 -0.6) (layer F.Fab) (width 0.1))
    (fp_line (start 1 -0.6) (end 1 0.6) (layer F.Fab) (width 0.1))
    (fp_line (start 1 0.6) (end -1 0.6) (layer F.Fab) (width 0.1))
    (fp_line (start -0.261252 -0.71) (end 0.261252 -0.71) (layer F.SilkS) (width 0.12))
    (fp_line (start -0.261252 0.71) (end 0.261252 0.71) (layer F.SilkS) (width 0.12))
    (fp_line (start -1.85 0.95) (end -1.85 -0.95) (layer F.CrtYd) (width 0.05))
    (fp_line (start -1.85 -0.95) (end 1.85 -0.95) (layer F.CrtYd) (width 0.05))
    (fp_line (start 1.85 -0.95) (end 1.85 0.95) (layer F.CrtYd) (width 0.05))
    (fp_line (start 1.85 0.95) (end -1.85 0.95) (layer F.CrtYd) (width 0.05))
    (fp_text user %R (at 0 0) (layer F.Fab)
      (effects (font (size 0.5 0.5) (thickness 0.08)))
    )
    (pad 1 smd roundrect (at -1.025 0) (size 1.15 1.4) (layers F.Cu F.Paste F.Mask) (roundrect_rratio 0.2173904347826087)
      (net 140 Board_4-3v3A))
    (pad 2 smd roundrect (at 1.025 0) (size 1.15 1.4) (layers F.Cu F.Paste F.Mask) (roundrect_rratio 0.2173904347826087)
      (net 143 Board_4-GND))
    (model ${KISYS3DMOD}/Capacitor_SMD.3dshapes/C_0805_2012Metric.wrl
      (at (xyz 0 0 0))
      (scale (xyz 1 1 1))
      (rotate (xyz 0 0 0))
    )
  )

  (module Capacitor_SMD:C_0603_1608Metric_Pad1.05x0.95mm_HandSolder (layer B.Cu) (tedit 5B301BBE) (tstamp 5FADDF7B)
    (at 77.519001 139.416016)
    (descr "Capacitor SMD 0603 (1608 Metric), square (rectangular) end terminal, IPC_7351 nominal with elongated pad for handsoldering. (Body size source: http://www.tortai-tech.com/upload/download/2011102023233369053.pdf), generated with kicad-footprint-generator")
    (tags "capacitor handsolder")
    (path /5F8788FD)
    (attr smd)
    (fp_text reference C9 (at 2.8 0.05) (layer B.SilkS)
      (effects (font (size 1 1) (thickness 0.15)) (justify mirror))
    )
    (fp_text value 0.1uF (at 0 -1.43) (layer B.Fab)
      (effects (font (size 1 1) (thickness 0.15)) (justify mirror))
    )
    (fp_line (start -0.8 -0.4) (end -0.8 0.4) (layer B.Fab) (width 0.1))
    (fp_line (start -0.8 0.4) (end 0.8 0.4) (layer B.Fab) (width 0.1))
    (fp_line (start 0.8 0.4) (end 0.8 -0.4) (layer B.Fab) (width 0.1))
    (fp_line (start 0.8 -0.4) (end -0.8 -0.4) (layer B.Fab) (width 0.1))
    (fp_line (start -0.171267 0.51) (end 0.171267 0.51) (layer B.SilkS) (width 0.12))
    (fp_line (start -0.171267 -0.51) (end 0.171267 -0.51) (layer B.SilkS) (width 0.12))
    (fp_line (start -1.65 -0.73) (end -1.65 0.73) (layer B.CrtYd) (width 0.05))
    (fp_line (start -1.65 0.73) (end 1.65 0.73) (layer B.CrtYd) (width 0.05))
    (fp_line (start 1.65 0.73) (end 1.65 -0.73) (layer B.CrtYd) (width 0.05))
    (fp_line (start 1.65 -0.73) (end -1.65 -0.73) (layer B.CrtYd) (width 0.05))
    (fp_text user %R (at 0 0) (layer B.Fab)
      (effects (font (size 0.4 0.4) (thickness 0.06)) (justify mirror))
    )
    (pad 1 smd roundrect (at -0.875 0) (size 1.05 0.95) (layers B.Cu B.Paste B.Mask) (roundrect_rratio 0.25)
      (net 143 Board_4-GND))
    (pad 2 smd roundrect (at 0.875 0) (size 1.05 0.95) (layers B.Cu B.Paste B.Mask) (roundrect_rratio 0.25)
      (net 142 Board_4-EN))
    (model ${KISYS3DMOD}/Capacitor_SMD.3dshapes/C_0603_1608Metric.wrl
      (at (xyz 0 0 0))
      (scale (xyz 1 1 1))
      (rotate (xyz 0 0 0))
    )
  )

  (module LED_SMD:LED_0805_2012Metric_Pad1.15x1.40mm_HandSolder (layer F.Cu) (tedit 5B4B45C9) (tstamp 5FADDF69)
    (at 99.800401 141.353416 180)
    (descr "LED SMD 0805 (2012 Metric), square (rectangular) end terminal, IPC_7351 nominal, (Body size source: https://docs.google.com/spreadsheets/d/1BsfQQcO9C6DZCsRaXUlFlo91Tg2WpOkGARC1WS5S8t0/edit?usp=sharing), generated with kicad-footprint-generator")
    (tags "LED handsolder")
    (path /5F6B8230)
    (attr smd)
    (fp_text reference D1 (at -2.8536 0.2174) (layer F.SilkS)
      (effects (font (size 1 1) (thickness 0.15)))
    )
    (fp_text value LED (at 0 1.65) (layer F.Fab)
      (effects (font (size 1 1) (thickness 0.15)))
    )
    (fp_line (start 1 -0.6) (end -0.7 -0.6) (layer F.Fab) (width 0.1))
    (fp_line (start -0.7 -0.6) (end -1 -0.3) (layer F.Fab) (width 0.1))
    (fp_line (start -1 -0.3) (end -1 0.6) (layer F.Fab) (width 0.1))
    (fp_line (start -1 0.6) (end 1 0.6) (layer F.Fab) (width 0.1))
    (fp_line (start 1 0.6) (end 1 -0.6) (layer F.Fab) (width 0.1))
    (fp_line (start 1 -0.96) (end -1.86 -0.96) (layer F.SilkS) (width 0.12))
    (fp_line (start -1.86 -0.96) (end -1.86 0.96) (layer F.SilkS) (width 0.12))
    (fp_line (start -1.86 0.96) (end 1 0.96) (layer F.SilkS) (width 0.12))
    (fp_line (start -1.85 0.95) (end -1.85 -0.95) (layer F.CrtYd) (width 0.05))
    (fp_line (start -1.85 -0.95) (end 1.85 -0.95) (layer F.CrtYd) (width 0.05))
    (fp_line (start 1.85 -0.95) (end 1.85 0.95) (layer F.CrtYd) (width 0.05))
    (fp_line (start 1.85 0.95) (end -1.85 0.95) (layer F.CrtYd) (width 0.05))
    (fp_text user %R (at 0 0) (layer F.Fab)
      (effects (font (size 0.5 0.5) (thickness 0.08)))
    )
    (pad 1 smd roundrect (at -1.025 0 180) (size 1.15 1.4) (layers F.Cu F.Paste F.Mask) (roundrect_rratio 0.2173904347826087)
      (net 143 Board_4-GND))
    (pad 2 smd roundrect (at 1.025 0 180) (size 1.15 1.4) (layers F.Cu F.Paste F.Mask) (roundrect_rratio 0.2173904347826087)
      (net 164 "Board_4-Net-(D1-Pad2)"))
    (model ${KISYS3DMOD}/LED_SMD.3dshapes/LED_0805_2012Metric.wrl
      (at (xyz 0 0 0))
      (scale (xyz 1 1 1))
      (rotate (xyz 0 0 0))
    )
  )

  (module Connector_USB:USB_C_Receptacle_HRO_TYPE-C-31-M-12 (layer B.Cu) (tedit 5D3C0721) (tstamp 5FADDF42)
    (at 103.314601 134.089016 270)
    (descr "USB Type-C receptacle for USB 2.0 and PD, http://www.krhro.com/uploads/soft/180320/1-1P320120243.pdf")
    (tags "usb usb-c 2.0 pd")
    (path /5F3A031B)
    (attr smd)
    (fp_text reference J1 (at -0.0508 1.4732 270) (layer B.SilkS)
      (effects (font (size 1 1) (thickness 0.15)) (justify mirror))
    )
    (fp_text value USB (at -0.1016 -2.1082 270) (layer B.Fab)
      (effects (font (size 1 1) (thickness 0.15)) (justify mirror))
    )
    (fp_line (start -4.7 -2) (end -4.7 -3.9) (layer B.SilkS) (width 0.12))
    (fp_line (start -4.7 1.9) (end -4.7 -0.1) (layer B.SilkS) (width 0.12))
    (fp_line (start 4.7 -2) (end 4.7 -3.9) (layer B.SilkS) (width 0.12))
    (fp_line (start 4.7 1.9) (end 4.7 -0.1) (layer B.SilkS) (width 0.12))
    (fp_line (start 5.32 5.27) (end 5.32 -4.15) (layer B.CrtYd) (width 0.05))
    (fp_line (start -5.32 5.27) (end -5.32 -4.15) (layer B.CrtYd) (width 0.05))
    (fp_line (start -5.32 -4.15) (end 5.32 -4.15) (layer B.CrtYd) (width 0.05))
    (fp_line (start -5.32 5.27) (end 5.32 5.27) (layer B.CrtYd) (width 0.05))
